18
76.5469 54.2513 -89.5342 0 1 0
168.516 70.3619 -118.724 0 1 0
154.028 63.3904 -156.714 0 1 0
50.9252 127.812 -181.568 0 0 -1
-31.3023 89.9737 -299.995 0 0.707107 0.707107
-56.5288 52.1352 -245.775 0 1 0
210.426 87.1144 -223.183 -0.707107 0.707107 0
102.694 118.073 -388.06 0 1 0
81.4666 149.032 -328.174 0 1 0
157.29 91.536 -217.622 0 1 0
144.93 94.9783 -248.854 0 1 0
-129.013 151.051 -107.651 0 1 0
-180.212 172.499 18.8247 0 1 0
-150.656 28.0238 133.998 0 1 0
111.404 6.54867 129.39 0 1 0
108.271 7.00586 40.762 0 1 0
-106.443 7.46305 0.0907015 0 1 0
-60.3507 36.694 -88.1038 0 1 0
